Iteration  1
***Taboo search for the knapsack problem found the solution:  [0, 1, 1, 1, 0, 1, 1, 1, 1, 1, 1, 0, 1, 1, 0, 0, 1, 0, 0, 1] 
with value:  787
***Taboo search for the TSP problem found the solution:  [19, 49, 59, 9, 96, 53, 24, 64, 79, 56, 8, 30, 65, 29, 92, 90, 54, 33, 36, 5, 12, 91, 81, 74, 40, 86, 26, 66, 1, 10, 3, 69, 95, 84, 76, 52, 77, 99, 28, 23, 17, 93, 18, 85, 42, 38, 21, 32, 37, 67, 47, 89, 41, 4, 7, 71, 43, 51, 13, 60, 70, 88, 80, 15, 72, 78, 25, 45, 2, 46, 82, 0, 68, 50, 97, 58, 94, 35, 27, 22, 63, 57, 31, 11, 75, 20, 73, 6, 62, 87, 34, 39, 44, 98, 16, 83, 48, 61, 55, 14] 
with distance units:  23791.443974622765




Iteration  2
***Taboo search for the knapsack problem found the solution:  [0, 1, 1, 1, 0, 1, 1, 1, 1, 1, 1, 0, 1, 1, 0, 0, 1, 0, 0, 1] 
with value:  787
***Taboo search for the TSP problem found the solution:  [39, 44, 98, 16, 83, 49, 59, 9, 96, 53, 24, 64, 79, 56, 30, 8, 86, 66, 1, 10, 3, 81, 91, 26, 40, 74, 12, 69, 36, 84, 95, 76, 77, 52, 33, 5, 54, 90, 92, 38, 42, 18, 93, 99, 28, 23, 17, 85, 21, 32, 37, 67, 47, 89, 29, 65, 41, 4, 7, 71, 43, 51, 13, 88, 80, 70, 60, 72, 15, 78, 25, 45, 2, 46, 82, 0, 73, 6, 75, 20, 68, 50, 97, 31, 11, 62, 57, 58, 35, 27, 94, 63, 22, 14, 19, 55, 48, 61, 87, 34] 
with distance units:  25407.34960813069




Iteration  3
***Taboo search for the knapsack problem found the solution:  [0, 1, 1, 1, 0, 1, 1, 1, 1, 1, 1, 0, 1, 1, 0, 0, 1, 0, 0, 1] 
with value:  787
***Taboo search for the TSP problem found the solution:  [43, 71, 67, 37, 32, 47, 21, 38, 92, 90, 42, 85, 18, 93, 17, 23, 28, 99, 77, 52, 33, 54, 5, 69, 36, 76, 84, 95, 10, 1, 3, 81, 66, 26, 86, 40, 74, 91, 12, 8, 56, 30, 65, 29, 89, 41, 4, 7, 64, 24, 53, 96, 79, 9, 59, 49, 48, 55, 19, 14, 22, 27, 35, 58, 94, 63, 57, 31, 97, 50, 68, 82, 0, 73, 20, 6, 75, 11, 62, 61, 83, 16, 98, 44, 39, 34, 87, 51, 13, 60, 15, 72, 46, 2, 45, 25, 78, 70, 80, 88] 
with distance units:  24493.98114531929




Iteration  4
***Taboo search for the knapsack problem found the solution:  [0, 1, 1, 1, 0, 1, 1, 1, 0, 1, 1, 0, 1, 1, 0, 0, 1, 1, 0, 0] 
with value:  787
***Taboo search for the TSP problem found the solution:  [25, 45, 2, 46, 68, 82, 0, 73, 20, 6, 75, 11, 50, 97, 31, 94, 58, 35, 27, 14, 19, 55, 22, 63, 57, 62, 87, 34, 39, 83, 61, 48, 16, 98, 44, 53, 24, 96, 56, 79, 9, 49, 59, 8, 12, 74, 40, 86, 26, 66, 1, 10, 3, 81, 91, 54, 5, 69, 95, 84, 76, 36, 33, 52, 77, 99, 28, 23, 17, 93, 18, 42, 85, 21, 38, 90, 92, 29, 65, 30, 64, 7, 4, 41, 89, 47, 32, 37, 67, 71, 43, 51, 13, 88, 80, 70, 60, 72, 15, 78] 
with distance units:  23870.805568551594




Iteration  5
***Taboo search for the knapsack problem found the solution:  [0, 1, 1, 1, 0, 1, 1, 1, 0, 1, 1, 0, 1, 1, 0, 0, 1, 1, 0, 0] 
with value:  787
***Taboo search for the TSP problem found the solution:  [27, 22, 14, 19, 55, 48, 49, 59, 9, 79, 56, 8, 30, 65, 29, 92, 90, 54, 5, 12, 74, 40, 86, 26, 66, 81, 91, 3, 1, 10, 95, 84, 76, 69, 36, 33, 52, 77, 99, 28, 23, 17, 93, 18, 85, 42, 38, 21, 32, 37, 67, 47, 89, 41, 4, 7, 64, 96, 24, 53, 44, 98, 16, 83, 61, 63, 57, 62, 87, 34, 39, 51, 13, 43, 71, 88, 80, 70, 60, 72, 15, 78, 25, 45, 2, 46, 82, 0, 73, 20, 6, 75, 11, 68, 50, 97, 31, 94, 58, 35] 
with distance units:  23061.617870225673




Iteration  6
***Taboo search for the knapsack problem found the solution:  [0, 1, 1, 1, 0, 1, 1, 1, 0, 1, 1, 0, 1, 1, 0, 0, 1, 1, 0, 0] 
with value:  787
***Taboo search for the TSP problem found the solution:  [43, 51, 13, 72, 15, 60, 70, 88, 80, 78, 25, 45, 2, 46, 68, 50, 82, 0, 73, 20, 6, 75, 11, 31, 97, 58, 57, 63, 94, 35, 27, 22, 14, 19, 55, 61, 62, 87, 34, 39, 98, 16, 83, 48, 49, 59, 9, 79, 56, 30, 8, 12, 74, 40, 86, 66, 26, 91, 81, 1, 10, 3, 69, 5, 54, 90, 33, 36, 84, 95, 76, 52, 77, 99, 28, 23, 17, 93, 18, 42, 85, 21, 38, 92, 65, 29, 89, 41, 4, 47, 32, 37, 67, 7, 64, 96, 53, 44, 24, 71] 
with distance units:  24328.544105001474




Iteration  7
***Taboo search for the knapsack problem found the solution:  [0, 1, 1, 1, 0, 1, 1, 1, 0, 1, 1, 0, 1, 1, 0, 0, 1, 1, 0, 0] 
with value:  787
***Taboo search for the TSP problem found the solution:  [38, 92, 29, 65, 30, 56, 79, 9, 59, 49, 96, 24, 53, 44, 98, 16, 83, 39, 34, 87, 62, 57, 94, 63, 22, 55, 61, 48, 19, 14, 27, 35, 58, 97, 31, 11, 75, 6, 20, 73, 0, 82, 50, 68, 46, 2, 45, 25, 78, 80, 88, 70, 60, 15, 72, 13, 51, 43, 71, 7, 64, 4, 41, 89, 47, 67, 37, 32, 21, 85, 42, 18, 93, 17, 23, 28, 99, 77, 52, 76, 84, 95, 10, 1, 3, 66, 26, 86, 40, 74, 8, 12, 91, 81, 69, 5, 36, 33, 54, 90] 
with distance units:  23896.845578444383




Iteration  8
***Taboo search for the knapsack problem found the solution:  [0, 1, 1, 1, 0, 1, 1, 1, 1, 1, 1, 0, 1, 1, 0, 0, 1, 0, 0, 1] 
with value:  787
***Taboo search for the TSP problem found the solution:  [60, 15, 72, 46, 82, 0, 73, 20, 6, 75, 11, 57, 62, 87, 34, 39, 51, 13, 43, 71, 67, 37, 32, 21, 38, 47, 41, 89, 29, 65, 92, 54, 90, 42, 85, 18, 93, 17, 23, 28, 99, 77, 52, 33, 36, 5, 69, 76, 84, 95, 10, 1, 3, 81, 66, 26, 86, 40, 74, 91, 12, 8, 30, 4, 7, 64, 56, 79, 9, 59, 49, 96, 24, 53, 44, 98, 16, 83, 48, 61, 55, 19, 14, 22, 27, 63, 94, 35, 58, 31, 97, 50, 68, 2, 45, 25, 78, 80, 88, 70] 
with distance units:  24203.53022581492




Iteration  9
***Taboo search for the knapsack problem found the solution:  [0, 1, 1, 1, 0, 1, 1, 1, 1, 1, 1, 0, 1, 1, 0, 0, 1, 0, 0, 1] 
with value:  787
***Taboo search for the TSP problem found the solution:  [47, 32, 37, 67, 71, 43, 51, 13, 88, 80, 70, 60, 72, 15, 78, 25, 45, 2, 46, 68, 82, 0, 73, 20, 6, 75, 11, 50, 97, 58, 94, 35, 27, 63, 22, 14, 19, 55, 61, 57, 31, 62, 87, 34, 39, 44, 24, 53, 98, 16, 83, 48, 49, 59, 8, 65, 30, 56, 79, 9, 96, 64, 7, 4, 41, 89, 29, 92, 90, 54, 5, 33, 36, 69, 12, 74, 40, 86, 66, 26, 91, 81, 3, 1, 10, 95, 84, 76, 52, 77, 99, 28, 23, 17, 93, 18, 85, 42, 38, 21] 
with distance units:  23648.37804427397




Iteration  10
***Taboo search for the knapsack problem found the solution:  [0, 1, 1, 1, 0, 1, 1, 1, 1, 1, 1, 0, 1, 1, 0, 0, 1, 0, 0, 1] 
with value:  787
***Taboo search for the TSP problem found the solution:  [69, 84, 95, 10, 1, 3, 91, 81, 66, 26, 86, 40, 74, 8, 30, 56, 79, 9, 59, 49, 16, 83, 48, 19, 14, 55, 61, 63, 22, 27, 35, 58, 94, 31, 97, 50, 68, 46, 2, 45, 25, 78, 60, 70, 80, 88, 71, 43, 51, 13, 15, 72, 82, 0, 73, 20, 6, 75, 11, 57, 62, 87, 34, 39, 98, 44, 53, 24, 96, 64, 7, 4, 41, 89, 47, 67, 37, 32, 21, 38, 92, 29, 65, 12, 5, 33, 54, 90, 42, 85, 18, 93, 17, 23, 28, 99, 77, 52, 76, 36] 
with distance units:  23585.743225958704




***Best value for the knapsack problem found by taboo search:  787
***Worst value for the knapsack problem found by taboo search:  787
***Best distance for the tsp problem found by taboo search:  23061.617870225673
***Worst distance for the tsp problem found by taboo search:  25407.34960813069
