Iteration  1
***Taboo search for the knapsack problem found the solution:  [0, 1, 0, 1, 1, 0, 0, 0, 0, 0, 0, 1, 0, 0, 0, 0, 0, 1, 1, 1, 0, 0, 1, 0, 1, 1, 1, 1, 0, 1, 0, 1, 1, 1, 0, 0, 0, 0, 0, 0, 1, 0, 1, 1, 1, 0, 0, 0, 1, 1, 0, 1, 0, 0, 0, 1, 0, 1, 1, 1, 1, 0, 1, 0, 1, 1, 0, 1, 1, 1, 1, 0, 0, 0, 1, 1, 0, 1, 0, 1, 0, 0, 1, 1, 0, 1, 1, 0, 1, 1, 0, 1, 0, 0, 1, 0, 1, 1, 0, 1, 0, 0, 0, 1, 0, 1, 0, 1, 1, 0, 0, 1, 1, 0, 0, 0, 0, 1, 0, 1, 0, 0, 0, 0, 0, 0, 0, 1, 1, 1, 0, 0, 0, 0, 0, 1, 0, 1, 1, 1, 0, 0, 0, 1, 0, 1, 1, 0, 1, 1, 1, 1, 0, 1, 0, 0, 0, 1, 1, 0, 1, 1, 0, 0, 0, 1, 1, 1, 1, 1, 0, 0, 0, 1, 0, 0, 0, 0, 0, 0, 0, 0, 1, 0, 0, 1, 0, 1, 1, 0, 1, 0, 0, 1, 1, 1, 0, 1, 1, 0] 
with value:  96544
***Taboo search for the TSP problem found the solution:  [56, 95, 35, 85, 41, 54, 36, 90, 80, 88, 20, 60, 4, 23, 42, 99, 19, 14, 50, 40, 66, 1, 8, 28, 7, 21, 51, 16, 26, 37, 87, 69, 76, 84, 30, 49, 38, 79, 70, 25, 18, 74, 29, 82, 68, 61, 97, 43, 45, 24, 64, 6, 46, 27, 67, 93, 52, 55, 57, 3, 13, 9, 22, 63, 48, 92, 15, 71, 32, 98, 44, 86, 73, 53, 34, 83, 62, 78, 0, 39, 91, 47, 11, 5, 81, 77, 59, 10, 33, 89, 94, 58, 2, 75, 72, 31, 65, 96, 12, 17] 
with distance units:  138999.86058213387




Iteration  2
***Taboo search for the knapsack problem found the solution:  [0, 1, 1, 0, 0, 0, 0, 0, 0, 1, 1, 0, 1, 0, 0, 0, 0, 1, 1, 0, 1, 0, 0, 1, 0, 0, 1, 0, 0, 1, 0, 1, 1, 1, 0, 0, 0, 1, 0, 0, 0, 0, 0, 1, 1, 1, 0, 1, 0, 0, 1, 1, 1, 0, 0, 1, 0, 1, 0, 1, 1, 0, 0, 1, 1, 1, 0, 0, 1, 0, 0, 0, 1, 0, 1, 1, 0, 1, 0, 0, 1, 1, 0, 1, 0, 1, 0, 1, 0, 0, 0, 0, 1, 1, 0, 0, 1, 0, 1, 0, 1, 1, 0, 0, 0, 0, 1, 0, 0, 0, 1, 1, 1, 0, 0, 0, 0, 0, 0, 0, 0, 1, 1, 0, 0, 1, 1, 1, 1, 1, 0, 1, 0, 0, 1, 0, 1, 1, 1, 0, 0, 1, 1, 1, 0, 0, 0, 1, 1, 0, 1, 1, 0, 0, 0, 1, 0, 1, 0, 1, 1, 1, 1, 1, 1, 0, 1, 1, 0, 1, 0, 1, 1, 0, 0, 1, 0, 1, 0, 0, 1, 0, 0, 0, 0, 0, 1, 0, 0, 1, 0, 0, 1, 0, 0, 1, 0, 0, 1, 1] 
with value:  96353
***Taboo search for the TSP problem found the solution:  [56, 74, 37, 52, 93, 71, 55, 38, 23, 46, 70, 88, 16, 44, 39, 57, 19, 58, 73, 63, 67, 14, 64, 28, 17, 21, 62, 31, 86, 83, 34, 22, 60, 97, 25, 2, 1, 89, 26, 91, 42, 54, 66, 81, 95, 32, 85, 53, 18, 96, 30, 7, 35, 3, 77, 87, 82, 5, 29, 8, 98, 6, 51, 0, 65, 92, 12, 99, 94, 78, 69, 76, 80, 49, 68, 15, 47, 20, 13, 4, 43, 75, 11, 45, 90, 41, 40, 33, 36, 79, 50, 72, 61, 59, 27, 48, 24, 10, 84, 9] 
with distance units:  134718.83795199788




Iteration  3
***Taboo search for the knapsack problem found the solution:  [1, 1, 0, 0, 0, 0, 0, 0, 1, 1, 0, 1, 0, 0, 0, 0, 1, 0, 0, 1, 0, 1, 0, 0, 0, 0, 0, 1, 1, 1, 0, 1, 0, 0, 0, 0, 1, 0, 1, 1, 0, 1, 0, 1, 1, 0, 0, 1, 1, 1, 0, 0, 1, 0, 1, 0, 0, 1, 1, 0, 0, 1, 1, 0, 1, 1, 1, 0, 0, 0, 1, 0, 1, 0, 1, 0, 1, 1, 0, 1, 0, 0, 1, 0, 1, 1, 0, 1, 0, 0, 1, 0, 1, 0, 1, 1, 0, 1, 0, 0, 1, 0, 1, 0, 0, 1, 1, 0, 0, 1, 0, 0, 1, 0, 0, 0, 0, 0, 1, 0, 1, 0, 0, 1, 0, 0, 1, 1, 0, 1, 0, 0, 0, 1, 1, 0, 1, 1, 0, 0, 0, 0, 1, 0, 1, 1, 1, 1, 1, 0, 1, 0, 1, 0, 0, 0, 1, 1, 1, 1, 0, 0, 1, 1, 0, 1, 1, 0, 0, 0, 0, 1, 1, 1, 0, 1, 0, 1, 0, 0, 0, 1, 0, 0, 1, 0, 1, 0, 1, 0, 0, 0, 1, 0, 1, 1, 0, 1, 1, 0] 
with value:  95842
***Taboo search for the TSP problem found the solution:  [88, 2, 35, 94, 27, 78, 31, 5, 66, 30, 67, 45, 15, 83, 8, 24, 59, 96, 68, 43, 47, 13, 80, 97, 20, 49, 95, 18, 48, 71, 9, 72, 60, 11, 44, 58, 62, 33, 93, 7, 86, 69, 74, 77, 36, 26, 12, 82, 6, 34, 4, 23, 90, 42, 81, 25, 17, 54, 55, 61, 53, 46, 41, 32, 39, 16, 22, 65, 28, 21, 89, 92, 40, 91, 10, 38, 84, 1, 76, 79, 75, 73, 0, 19, 63, 14, 56, 57, 98, 51, 50, 64, 87, 29, 70, 85, 37, 3, 52, 99] 
with distance units:  121361.34840269442




Iteration  4
***Taboo search for the knapsack problem found the solution:  [1, 0, 1, 1, 1, 1, 0, 1, 0, 1, 1, 0, 1, 0, 0, 1, 1, 0, 1, 1, 1, 0, 0, 0, 0, 1, 0, 1, 0, 1, 1, 0, 0, 0, 1, 1, 0, 1, 0, 1, 1, 0, 0, 0, 1, 0, 1, 1, 1, 1, 1, 0, 1, 0, 1, 0, 0, 0, 0, 0, 0, 1, 0, 1, 0, 1, 1, 0, 1, 1, 0, 1, 0, 0, 1, 0, 0, 1, 1, 1, 0, 1, 0, 0, 1, 0, 1, 0, 1, 0, 0, 0, 0, 1, 0, 0, 0, 0, 0, 0, 0, 0, 1, 0, 1, 0, 1, 0, 1, 1, 1, 0, 1, 1, 0, 0, 1, 1, 0, 0, 0, 0, 1, 0, 0, 0, 1, 0, 1, 1, 1, 1, 1, 1, 1, 0, 1, 1, 1, 1, 0, 1, 1, 0, 0, 0, 0, 0, 1, 0, 0, 0, 0, 0, 0, 0, 1, 1, 0, 0, 1, 0, 1, 1, 0, 1, 0, 1, 1, 1, 0, 0, 1, 0, 0, 1, 1, 1, 0, 0, 0, 0, 1, 0, 1, 0, 0, 0, 0, 0, 1, 1, 0, 0, 0, 0, 0, 0, 1, 1] 
with value:  96039
***Taboo search for the TSP problem found the solution:  [63, 19, 50, 28, 66, 18, 91, 1, 69, 79, 81, 92, 49, 6, 88, 48, 72, 96, 12, 39, 44, 3, 76, 23, 93, 77, 45, 55, 82, 97, 0, 30, 34, 65, 24, 61, 27, 22, 43, 56, 26, 57, 38, 53, 80, 25, 83, 60, 46, 64, 17, 29, 89, 74, 90, 47, 32, 8, 33, 99, 52, 85, 9, 78, 35, 75, 58, 68, 41, 62, 51, 71, 70, 87, 14, 54, 42, 73, 94, 2, 15, 31, 95, 5, 84, 16, 36, 10, 21, 59, 20, 11, 7, 86, 37, 40, 98, 4, 67, 13] 
with distance units:  132037.7199328534




Iteration  5
***Taboo search for the knapsack problem found the solution:  [0, 1, 0, 0, 0, 0, 0, 1, 0, 1, 0, 1, 0, 1, 0, 1, 1, 0, 1, 1, 0, 1, 0, 0, 0, 0, 1, 0, 0, 0, 0, 0, 0, 0, 0, 0, 1, 0, 1, 0, 0, 1, 0, 0, 1, 0, 0, 0, 1, 1, 0, 0, 0, 0, 0, 1, 0, 1, 1, 1, 1, 0, 1, 0, 1, 1, 1, 0, 1, 0, 0, 0, 1, 0, 1, 0, 0, 0, 0, 1, 0, 1, 0, 0, 0, 0, 0, 1, 1, 1, 1, 1, 0, 0, 0, 0, 1, 1, 1, 1, 1, 0, 0, 0, 0, 0, 0, 0, 0, 1, 1, 0, 0, 1, 1, 0, 0, 0, 0, 0, 1, 1, 1, 1, 1, 1, 1, 0, 0, 0, 0, 1, 1, 0, 1, 0, 0, 0, 1, 1, 1, 1, 1, 0, 0, 0, 0, 1, 0, 0, 1, 1, 0, 0, 0, 1, 0, 0, 1, 1, 0, 1, 1, 0, 0, 1, 0, 0, 1, 0, 0, 1, 0, 0, 1, 1, 1, 0, 1, 0, 0, 1, 1, 0, 0, 0, 1, 0, 0, 0, 0, 0, 1, 1, 1, 1, 1, 0, 0, 0] 
with value:  96610
***Taboo search for the TSP problem found the solution:  [1, 91, 27, 98, 89, 19, 68, 64, 5, 43, 75, 4, 23, 30, 66, 65, 15, 78, 90, 3, 92, 2, 35, 29, 10, 26, 24, 74, 59, 50, 97, 14, 57, 20, 62, 13, 86, 7, 84, 99, 18, 25, 96, 54, 39, 60, 51, 70, 8, 93, 32, 11, 55, 85, 69, 33, 52, 53, 48, 40, 67, 34, 42, 72, 6, 94, 45, 61, 79, 87, 38, 21, 76, 28, 36, 88, 9, 80, 46, 31, 83, 58, 44, 0, 82, 49, 47, 77, 37, 12, 95, 17, 71, 56, 22, 63, 41, 73, 16, 81] 
with distance units:  139930.81559157753




Iteration  6
***Taboo search for the knapsack problem found the solution:  [0, 1, 0, 0, 1, 0, 1, 1, 1, 0, 0, 0, 1, 0, 0, 0, 1, 0, 1, 1, 0, 1, 0, 0, 0, 0, 1, 1, 0, 1, 0, 0, 0, 0, 0, 1, 1, 1, 0, 0, 0, 0, 0, 1, 0, 1, 1, 0, 1, 0, 1, 0, 0, 0, 1, 0, 1, 0, 0, 0, 0, 1, 0, 1, 1, 0, 0, 0, 1, 1, 1, 0, 1, 0, 1, 1, 0, 1, 0, 0, 0, 0, 1, 0, 0, 1, 0, 1, 1, 0, 1, 0, 0, 1, 1, 1, 1, 0, 1, 0, 1, 0, 0, 1, 1, 1, 0, 1, 1, 1, 0, 0, 0, 1, 0, 0, 0, 1, 0, 1, 1, 1, 1, 1, 1, 0, 1, 1, 0, 1, 0, 0, 0, 1, 1, 0, 0, 0, 0, 1, 0, 0, 0, 0, 1, 0, 1, 1, 1, 0, 1, 0, 1, 0, 0, 0, 0, 0, 0, 0, 1, 0, 0, 0, 0, 0, 0, 0, 0, 1, 0, 0, 1, 0, 1, 0, 1, 0, 0, 0, 0, 0, 0, 0, 1, 1, 1, 0, 1, 0, 0, 1, 0, 0, 1, 1, 1, 0, 0, 0] 
with value:  96441
***Taboo search for the TSP problem found the solution:  [70, 57, 46, 65, 59, 67, 30, 12, 39, 71, 38, 37, 93, 26, 87, 62, 19, 96, 83, 21, 32, 40, 3, 52, 69, 99, 23, 18, 4, 9, 90, 5, 54, 98, 6, 7, 78, 50, 45, 41, 15, 92, 29, 47, 75, 35, 63, 91, 66, 84, 56, 27, 79, 10, 81, 34, 86, 58, 49, 82, 17, 28, 36, 8, 85, 77, 42, 55, 13, 44, 48, 14, 33, 76, 95, 1, 80, 20, 2, 72, 24, 64, 31, 97, 68, 74, 88, 51, 22, 16, 53, 0, 11, 25, 94, 61, 60, 73, 43, 89] 
with distance units:  122060.32646472398




Iteration  7
***Taboo search for the knapsack problem found the solution:  [0, 0, 0, 0, 1, 1, 1, 1, 0, 0, 1, 1, 0, 0, 0, 1, 0, 0, 1, 0, 1, 0, 1, 0, 0, 1, 0, 0, 1, 0, 1, 0, 0, 0, 1, 0, 0, 0, 0, 0, 1, 1, 0, 1, 0, 0, 0, 0, 0, 1, 0, 1, 1, 1, 1, 1, 1, 1, 0, 1, 0, 0, 0, 1, 0, 1, 0, 0, 0, 0, 0, 0, 1, 0, 0, 1, 1, 1, 0, 0, 0, 1, 0, 0, 1, 0, 1, 0, 1, 0, 1, 0, 1, 1, 1, 1, 1, 1, 0, 1, 0, 0, 0, 1, 0, 0, 0, 1, 0, 0, 1, 0, 0, 1, 0, 0, 0, 1, 1, 0, 1, 0, 0, 0, 0, 1, 1, 1, 1, 1, 1, 1, 1, 0, 0, 1, 1, 0, 1, 0, 1, 1, 1, 0, 0, 1, 0, 1, 0, 0, 0, 1, 0, 0, 0, 0, 1, 0, 0, 0, 0, 0, 1, 0, 0, 0, 0, 0, 1, 0, 1, 0, 0, 1, 1, 0, 1, 1, 0, 0, 1, 0, 0, 0, 0, 1, 0, 1, 1, 0, 0, 0, 0, 0, 1, 1, 0, 0, 0, 0] 
with value:  96394
***Taboo search for the TSP problem found the solution:  [26, 75, 49, 25, 89, 61, 94, 29, 95, 17, 93, 98, 22, 59, 14, 40, 56, 84, 5, 90, 76, 58, 73, 71, 45, 34, 78, 74, 54, 43, 70, 2, 15, 77, 81, 8, 28, 1, 85, 69, 4, 39, 7, 53, 38, 36, 3, 10, 21, 42, 91, 96, 97, 27, 57, 82, 48, 31, 30, 55, 37, 88, 80, 0, 13, 32, 92, 52, 66, 67, 12, 18, 23, 33, 60, 64, 24, 19, 47, 6, 65, 99, 51, 83, 86, 20, 16, 63, 44, 72, 87, 35, 79, 9, 62, 46, 50, 68, 11, 41] 
with distance units:  128842.71832463414




Iteration  8
***Taboo search for the knapsack problem found the solution:  [0, 0, 0, 1, 1, 1, 0, 1, 0, 0, 1, 0, 0, 0, 0, 1, 1, 1, 1, 0, 1, 0, 0, 0, 0, 1, 1, 0, 1, 0, 0, 1, 1, 0, 0, 0, 1, 1, 0, 0, 1, 1, 1, 1, 1, 0, 0, 0, 0, 0, 1, 0, 0, 1, 0, 0, 0, 0, 0, 0, 0, 0, 1, 1, 0, 1, 1, 0, 1, 0, 1, 1, 0, 0, 1, 1, 0, 1, 1, 1, 0, 0, 0, 0, 0, 0, 0, 0, 0, 1, 1, 0, 0, 0, 0, 1, 0, 1, 1, 1, 0, 0, 1, 1, 0, 1, 0, 1, 0, 1, 1, 0, 0, 0, 0, 0, 1, 1, 0, 0, 1, 0, 1, 0, 0, 1, 0, 1, 0, 0, 0, 0, 1, 1, 1, 0, 1, 1, 0, 0, 1, 0, 1, 0, 1, 1, 0, 1, 1, 1, 0, 0, 1, 0, 0, 1, 0, 0, 0, 1, 0, 0, 0, 1, 0, 0, 1, 0, 0, 1, 0, 0, 0, 1, 0, 1, 0, 0, 0, 1, 1, 0, 0, 0, 1, 1, 0, 0, 0, 1, 1, 1, 0, 0, 1, 0, 1, 0, 1, 1] 
with value:  96529
***Taboo search for the TSP problem found the solution:  [41, 75, 71, 68, 27, 51, 12, 86, 53, 48, 17, 76, 90, 39, 14, 61, 29, 11, 57, 18, 8, 35, 34, 44, 7, 62, 82, 13, 58, 94, 64, 66, 4, 49, 25, 31, 2, 37, 92, 54, 21, 95, 3, 77, 89, 43, 23, 74, 30, 69, 36, 52, 67, 0, 46, 22, 6, 83, 38, 19, 87, 1, 55, 78, 50, 93, 9, 47, 40, 88, 63, 20, 15, 97, 80, 91, 10, 99, 28, 70, 79, 60, 42, 65, 84, 5, 81, 26, 56, 98, 73, 16, 32, 24, 72, 33, 85, 59, 96, 45] 
with distance units:  138955.3882140213




Iteration  9
***Taboo search for the knapsack problem found the solution:  [0, 0, 0, 0, 0, 0, 1, 1, 0, 0, 0, 0, 0, 0, 0, 1, 0, 1, 0, 0, 0, 0, 0, 0, 0, 0, 0, 0, 1, 0, 0, 1, 1, 1, 0, 0, 1, 0, 0, 1, 0, 0, 1, 1, 0, 0, 1, 1, 0, 1, 1, 0, 1, 0, 1, 1, 1, 1, 0, 0, 1, 0, 1, 1, 0, 1, 1, 0, 0, 1, 1, 1, 1, 0, 0, 1, 0, 1, 0, 1, 1, 1, 0, 1, 0, 0, 0, 1, 0, 1, 1, 1, 0, 1, 0, 1, 0, 1, 0, 0, 1, 1, 1, 0, 0, 1, 0, 0, 0, 1, 0, 0, 1, 1, 0, 1, 1, 0, 0, 0, 0, 0, 0, 1, 0, 0, 0, 0, 1, 0, 0, 0, 0, 0, 1, 1, 1, 1, 1, 0, 0, 0, 0, 0, 1, 0, 1, 0, 0, 1, 1, 1, 0, 1, 0, 1, 0, 0, 1, 0, 1, 1, 0, 1, 0, 0, 0, 0, 0, 1, 1, 0, 1, 1, 1, 1, 0, 1, 1, 0, 1, 1, 0, 0, 1, 1, 1, 0, 0, 0, 1, 1, 1, 0, 1, 0, 1, 0, 0, 0] 
with value:  96303
***Taboo search for the TSP problem found the solution:  [32, 39, 45, 21, 90, 84, 98, 61, 99, 74, 79, 23, 78, 70, 10, 40, 52, 76, 2, 75, 87, 91, 82, 62, 13, 83, 53, 51, 35, 25, 72, 58, 59, 56, 16, 12, 54, 19, 60, 36, 3, 27, 11, 44, 29, 28, 18, 95, 5, 94, 14, 97, 20, 24, 7, 43, 6, 22, 93, 33, 92, 42, 37, 9, 15, 49, 38, 85, 8, 69, 77, 17, 66, 89, 65, 30, 1, 67, 55, 73, 88, 96, 64, 81, 26, 63, 71, 57, 50, 47, 86, 41, 31, 80, 34, 4, 0, 48, 46, 68] 
with distance units:  138856.61832010382




Iteration  10
***Taboo search for the knapsack problem found the solution:  [0, 1, 1, 1, 0, 1, 1, 1, 0, 1, 1, 0, 0, 0, 1, 1, 1, 1, 0, 0, 0, 0, 1, 0, 1, 0, 0, 0, 1, 1, 0, 0, 1, 1, 0, 1, 1, 0, 0, 0, 0, 1, 0, 1, 0, 0, 0, 0, 1, 1, 1, 0, 1, 1, 0, 1, 1, 1, 0, 0, 1, 0, 1, 0, 1, 1, 0, 0, 0, 0, 1, 0, 0, 0, 1, 1, 0, 0, 0, 1, 1, 0, 1, 1, 1, 0, 1, 1, 0, 0, 1, 1, 1, 0, 1, 1, 1, 1, 0, 1, 0, 0, 1, 1, 1, 1, 0, 0, 0, 0, 0, 1, 0, 1, 0, 0, 0, 1, 1, 0, 0, 1, 0, 0, 0, 1, 0, 1, 0, 1, 1, 1, 1, 0, 1, 1, 1, 1, 0, 1, 1, 0, 0, 1, 0, 1, 1, 0, 0, 0, 0, 1, 0, 1, 1, 0, 0, 1, 0, 0, 0, 0, 0, 0, 1, 1, 0, 0, 1, 1, 0, 0, 0, 0, 0, 0, 1, 1, 0, 0, 0, 1, 1, 1, 0, 0, 0, 1, 0, 1, 0, 0, 0, 1, 0, 0, 0, 1, 0, 0] 
with value:  96309
***Taboo search for the TSP problem found the solution:  [29, 71, 76, 4, 88, 39, 55, 21, 66, 50, 2, 6, 0, 65, 85, 72, 75, 30, 5, 95, 59, 43, 22, 44, 46, 94, 49, 98, 13, 20, 15, 78, 87, 11, 14, 73, 45, 24, 91, 10, 96, 34, 64, 16, 18, 40, 3, 81, 53, 89, 33, 79, 51, 27, 19, 54, 90, 12, 41, 77, 58, 35, 56, 47, 7, 97, 32, 52, 93, 69, 42, 82, 28, 38, 70, 1, 36, 86, 25, 31, 48, 62, 63, 9, 26, 61, 83, 74, 84, 17, 23, 8, 80, 37, 57, 68, 92, 60, 99, 67] 
with distance units:  139904.98106298875




***Best value for the knapsack problem found by taboo search:  96610
***Worst value for the knapsack problem found by taboo search:  95842
***Best distance for the tsp problem found by taboo search:  121361.34840269442
***Worst distance for the tsp problem found by taboo search:  139930.81559157753
