Iteration  1
***Taboo search for the knapsack problem found the solution:  [0, 1, 0, 1, 1, 1, 1, 1, 0, 0, 1, 0, 0, 1, 0, 0, 1, 1, 1, 0] 
with value:  703
***Taboo search for the TSP problem found the solution:  [80, 83, 44, 69, 1, 74, 38, 54, 19, 27, 57, 20, 29, 81, 16, 73, 79, 8, 5, 9, 68, 72, 24, 40, 96, 92, 93, 46, 34, 99, 78, 88, 89, 63, 51, 56, 65, 12, 11, 75, 13, 21, 0, 60, 26, 53, 25, 64, 28, 41, 91, 76, 3, 82, 48, 70, 94, 95, 36, 30, 50, 17, 10, 23, 90, 33, 77, 59, 87, 62, 6, 31, 39, 71, 49, 32, 66, 86, 84, 18, 42, 52, 47, 2, 37, 67, 35, 55, 85, 22, 15, 14, 7, 98, 45, 43, 97, 58, 61, 4] 
with distance units:  139901.77878936267




Iteration  2
***Taboo search for the knapsack problem found the solution:  [0, 0, 1, 1, 0, 1, 0, 1, 1, 1, 1, 1, 0, 1, 0, 1, 1, 0, 0, 0] 
with value:  722
***Taboo search for the TSP problem found the solution:  [89, 83, 13, 2, 60, 64, 84, 37, 32, 3, 90, 94, 81, 57, 59, 33, 72, 55, 14, 27, 63, 79, 73, 93, 66, 86, 53, 52, 77, 76, 54, 17, 65, 47, 31, 67, 11, 41, 21, 99, 92, 0, 46, 35, 19, 6, 88, 56, 20, 30, 42, 85, 12, 23, 70, 28, 36, 4, 39, 9, 44, 98, 51, 15, 18, 61, 80, 78, 24, 48, 62, 16, 5, 96, 22, 58, 50, 34, 82, 97, 29, 74, 95, 91, 43, 69, 1, 26, 8, 45, 71, 10, 38, 7, 49, 25, 40, 68, 87, 75] 
with distance units:  138706.38581041424




Iteration  3
***Taboo search for the knapsack problem found the solution:  [0, 0, 1, 1, 0, 1, 1, 1, 1, 1, 1, 1, 1, 1, 0, 0, 1, 0, 0, 1] 
with value:  782
***Taboo search for the TSP problem found the solution:  [49, 66, 84, 3, 10, 40, 76, 1, 77, 32, 93, 91, 39, 87, 29, 20, 43, 57, 22, 80, 74, 41, 69, 38, 26, 65, 48, 45, 94, 42, 0, 37, 5, 81, 71, 60, 14, 6, 15, 46, 58, 35, 99, 89, 33, 23, 21, 52, 95, 36, 90, 54, 85, 13, 82, 7, 68, 96, 62, 17, 78, 8, 18, 9, 25, 24, 83, 19, 97, 50, 34, 61, 44, 59, 51, 70, 30, 64, 92, 75, 88, 27, 73, 72, 55, 56, 12, 4, 28, 79, 2, 67, 98, 16, 53, 31, 63, 11, 47, 86] 
with distance units:  129257.42815959104




Iteration  4
***Taboo search for the knapsack problem found the solution:  [1, 1, 0, 1, 1, 0, 1, 0, 0, 0, 1, 1, 1, 1, 0, 1, 0, 0, 0, 1] 
with value:  525
***Taboo search for the TSP problem found the solution:  [20, 45, 64, 12, 99, 42, 53, 18, 40, 69, 55, 66, 23, 85, 58, 50, 88, 38, 77, 54, 24, 74, 21, 11, 97, 68, 76, 5, 34, 19, 44, 65, 39, 62, 30, 57, 37, 98, 73, 81, 41, 8, 75, 71, 61, 4, 22, 96, 70, 60, 86, 29, 15, 89, 13, 78, 2, 46, 80, 52, 47, 48, 56, 3, 28, 92, 59, 43, 83, 0, 35, 63, 87, 32, 49, 91, 9, 6, 25, 17, 72, 14, 90, 79, 16, 33, 36, 1, 51, 7, 84, 95, 10, 93, 82, 27, 94, 31, 26, 67] 
with distance units:  147017.15644469106




Iteration  5
***Taboo search for the knapsack problem found the solution:  [0, 0, 1, 1, 1, 1, 0, 1, 0, 1, 1, 0, 1, 1, 0, 0, 1, 1, 0, 0] 
with value:  745
***Taboo search for the TSP problem found the solution:  [12, 63, 19, 78, 88, 14, 16, 91, 82, 56, 0, 68, 50, 45, 51, 84, 15, 43, 24, 90, 32, 20, 11, 34, 13, 55, 59, 46, 48, 49, 23, 42, 93, 17, 64, 97, 25, 75, 58, 31, 27, 47, 35, 37, 65, 30, 40, 74, 94, 39, 5, 18, 71, 60, 67, 95, 29, 92, 62, 3, 9, 99, 89, 44, 28, 54, 36, 76, 1, 2, 7, 85, 73, 96, 53, 79, 10, 72, 87, 4, 26, 41, 83, 22, 57, 69, 38, 98, 52, 77, 70, 21, 66, 81, 33, 6, 8, 86, 80, 61] 
with distance units:  144556.8520325195




Iteration  6
***Taboo search for the knapsack problem found the solution:  [0, 1, 0, 1, 1, 1, 0, 1, 1, 1, 1, 1, 0, 1, 0, 0, 1, 0, 0, 0] 
with value:  731
***Taboo search for the TSP problem found the solution:  [45, 2, 87, 31, 15, 96, 95, 48, 12, 58, 57, 6, 73, 55, 83, 79, 72, 54, 7, 86, 52, 28, 17, 33, 88, 71, 3, 5, 93, 53, 41, 13, 97, 0, 89, 20, 67, 60, 91, 69, 30, 62, 42, 4, 34, 81, 90, 36, 38, 74, 18, 84, 56, 82, 40, 98, 29, 23, 1, 16, 25, 70, 50, 37, 46, 68, 59, 8, 27, 77, 99, 11, 35, 44, 43, 92, 49, 63, 9, 22, 24, 14, 75, 19, 85, 61, 51, 21, 39, 47, 66, 64, 80, 32, 78, 94, 26, 10, 76, 65] 
with distance units:  145826.0601150654




Iteration  7
***Taboo search for the knapsack problem found the solution:  [0, 0, 0, 1, 1, 0, 1, 1, 1, 0, 1, 0, 1, 1, 0, 1, 1, 0, 1, 1] 
with value:  646
***Taboo search for the TSP problem found the solution:  [61, 9, 41, 37, 35, 14, 70, 67, 31, 49, 69, 77, 84, 76, 44, 23, 28, 17, 40, 36, 82, 45, 71, 56, 86, 92, 26, 29, 16, 33, 10, 51, 13, 98, 99, 5, 1, 95, 52, 12, 91, 90, 21, 38, 68, 43, 8, 19, 64, 20, 25, 59, 48, 80, 54, 66, 74, 79, 58, 47, 60, 87, 55, 94, 15, 88, 42, 53, 96, 89, 24, 83, 62, 22, 63, 0, 97, 39, 2, 46, 50, 57, 78, 72, 73, 11, 4, 18, 81, 93, 7, 6, 75, 27, 65, 32, 85, 3, 30, 34] 
with distance units:  117577.43850217776




Iteration  8
***Taboo search for the knapsack problem found the solution:  [0, 1, 0, 1, 0, 1, 1, 1, 1, 1, 1, 0, 1, 1, 0, 0, 0, 1, 1, 0] 
with value:  714
***Taboo search for the TSP problem found the solution:  [16, 34, 99, 76, 81, 89, 21, 2, 6, 47, 92, 65, 45, 62, 88, 68, 20, 44, 58, 57, 53, 29, 22, 90, 56, 3, 59, 38, 69, 10, 14, 55, 9, 77, 36, 51, 83, 72, 63, 43, 78, 94, 87, 39, 25, 80, 0, 35, 48, 8, 30, 46, 71, 98, 75, 27, 31, 60, 70, 42, 24, 85, 61, 49, 41, 17, 40, 66, 74, 4, 15, 50, 64, 96, 1, 5, 91, 28, 84, 67, 37, 95, 52, 86, 26, 11, 32, 79, 18, 13, 7, 19, 12, 82, 97, 73, 54, 93, 33, 23] 
with distance units:  129705.19295021315




Iteration  9
***Taboo search for the knapsack problem found the solution:  [0, 0, 1, 1, 0, 1, 0, 1, 0, 1, 1, 0, 1, 1, 0, 0, 1, 0, 1, 0] 
with value:  757
***Taboo search for the TSP problem found the solution:  [94, 2, 48, 47, 4, 91, 69, 23, 22, 0, 44, 64, 5, 58, 55, 43, 97, 60, 8, 92, 27, 31, 57, 53, 28, 81, 86, 10, 3, 84, 74, 76, 77, 32, 17, 21, 54, 51, 41, 98, 14, 40, 20, 90, 29, 82, 25, 67, 93, 1, 99, 89, 45, 49, 26, 66, 95, 96, 61, 52, 7, 9, 65, 36, 18, 15, 88, 75, 73, 24, 71, 83, 38, 70, 46, 80, 42, 85, 33, 30, 68, 62, 6, 37, 63, 35, 39, 11, 13, 19, 16, 56, 12, 59, 87, 34, 50, 72, 79, 78] 
with distance units:  128842.33394181506




Iteration  10
***Taboo search for the knapsack problem found the solution:  [0, 1, 1, 1, 0, 1, 0, 1, 1, 1, 1, 0, 1, 1, 0, 0, 1, 0, 0, 0] 
with value:  746
***Taboo search for the TSP problem found the solution:  [78, 13, 45, 60, 87, 70, 82, 53, 65, 30, 66, 59, 79, 63, 22, 64, 94, 91, 90, 29, 96, 21, 73, 39, 28, 38, 51, 31, 58, 68, 34, 33, 76, 69, 86, 35, 71, 23, 56, 4, 62, 20, 57, 54, 24, 48, 27, 19, 14, 72, 8, 52, 37, 9, 7, 17, 10, 84, 26, 3, 36, 92, 16, 80, 11, 55, 44, 83, 61, 47, 6, 43, 32, 0, 40, 89, 75, 50, 25, 41, 99, 42, 77, 1, 15, 2, 85, 67, 88, 46, 97, 98, 49, 5, 95, 18, 81, 93, 12, 74] 
with distance units:  126155.47316741329




***Best value for the knapsack problem found by taboo search:  782
***Worst value for the knapsack problem found by taboo search:  525
***Best distance for the tsp problem found by taboo search:  117577.43850217776
***Worst distance for the tsp problem found by taboo search:  147017.15644469106
